No 	Best_grasp_efore_perdurbation 		Grasp_after_perdurbation_rotation	Grasp_after_perdurbation_translation	Grasp_after_perdurbation_both

0       0.688275   0.417862 0.688149 0.417845
1       0.673736   0.5926 0.673685 0.592665
2       0.716614   0.262247 0.716622 0.262236
3       0.691317   0.756024 0.691336 0.756045
4       0.662698   0.697263 0.662689 0.697251
5       0.627051   0.299373 0.627271 0.299355
6       0.596328   0.472013 0.596345 0.472117
7       0.636447   0.465671 0.636544 0.465766
8       0.64704   0.499178 0.646735 0.499222
9       0.586967   0.57284 0.587012 0.572792
10       0.632407   0.638762 0.63428 0.638821
11       0.697854   0.615662 0.697859 0.615647
12       0.688124   0.334709 0.688058 0.334688
13       0.620749   0.620746 0.620718 0.620745
14       0.599285   0.598416 0.599228 0.598481
15       0.684383   0.439163 0.684387 0.439173
16       0.663407   0.288226 0.663324 0.288226
17       0.612617   0.532148 0.612648 0.532163
18       0.609823   0.449626 0.609712 0.449607
19       0.606402   0.618734 0.606629 0.624233

