0       0.593138   0.60687
1       0.564123   0.564084
2       0.5511   0.55111
3       0.571453   0.571492
4       0.575917   0.575931
5       0.574936   0.574943
6       0.599959   0.599949
7       0.582648   0.582614
8       0.567924   0.567951
9       0.642435   0.642405
10       0.554044   0.55402
11       0.586688   0.586688
12       0.558594   0.558569
13       0.589934   0.589953
14       0.573386   0.574099
15       0.616028   0.616355
16       0.553309   0.553294
17       0.588544   0.588576
18       0.588028   0.588821
19       0.564237   0.564274




