0       0.560603   0.358732
1       0.566529   2.11352e-08
2       0.593619   0.455884
3       0.560873   0.141612
4       0.561629   0.349378
5       0.555215   0.489702
6       0.589525   0.534233
7       0.586691   0.588659
8       0.585067   0.320228
9       0.571087   0.414868
10       0.585853   2.59528e-07
11       0.578624   2.48098e-07
12       0.549454   0.450315
13       0.585902   0.330011
14       0.590872   0.581811
15       0.574786   1.65342e-07
16       0.620331   0.489142
17       0.569171   0.481626
18       0.587643   0.242242
19       0.620706   2.8166e-08
