No 	Best_grasp_efore_perdurbation 		Grasp_after_perdurbation_rotation	Grasp_after_perdurbation_translation	Grasp_after_perdurbation_both

0       0.454541   0.467455 0.454544 0.467286
1       0.506998   0.450587 0.507003 0.45615
2       0.486009   0.437734 0.48601 0.437727
3       0.493817   0.156783 0.493839 0.156791
4       0.490728   0.428275 0.490738 0.42825
5       0.49753   0.472027 0.497495 0.472028
6       0.495367   0.500986 0.495399 0.50144
7       0.49249   4.88503e-09 0.492514 1.00246e-08
8       0.486709   0.327255 0.486703 0.327234
9       0.535717   0.297227 0.537087 0.297243
10       0.535793   0.485096 0.535791 0.485104
11       0.456815   0.348213 0.456822 0.34816
12       0.515096   0.28507 0.515094 0.285078
13       0.535571   0.44243 0.53556 0.442445
14       0.503617   0.377784 0.503621 0.377794
15       0.484463   0.501032 0.484562 0.501507
16       0.484654   0.391116 0.484694 0.391137
17       0.493806   0.287731 0.493798 0.287935
18       0.465685   0.318694 0.465681 0.318673
19       0.533854   0.458148 0.533852 0.458156
