0       0.627607   0.17697
1       0.623211   0.473011
2       0.581018   0.535197
3       0.593489   0.499132
4       0.582314   0.55527
5       0.550531   0.525957
6       0.573306   0.419754
7       0.559052   0.560675
8       0.561497   0.447161
9       0.614326   0.114922
10       0.600496   2.27404e-07
11       0.599009   1.99848e-08
12       0.549709   0.595882
13       0.542235   3.65563e-07
14       0.607058   0.563957
15       0.593329   1.96463e-07
16       0.635178   0.458
17       0.58783   0.563875
18       0.581266   0.395786
19       0.54583   0.598515








