No 	Best_grasp_efore_perdurbation 		Grasp_after_perdurbation_rotation	Grasp_after_perdurbation_translation	Grasp_after_perdurbation_both

0       0.551409   0.150935 0.551417 0.150922
1       0.606687   0.167322 0.546838 0.167444
2       0.559371   0.373926 0.556482 0.373851
3       0.557991   0.487589 0.559365 0.487557
4       0.598109   0.450297 0.598134 0.448673
5       0.570822   0.583351 0.570796 0.585401
6       0.587743   0.508327 0.587729 0.508346
7       0.577452   0.150582 0.577454 0.150563
8       0.586526   0.586527 0.586532 0.586536
9       0.5906   0.515293 0.591262 0.515269
10       0.544204   0.315529 0.544209 0.31553
11       0.586476   4.56088e-08 0.586475 5.04611e-09
12       0.584909   0.422271 0.584984 0.422409
13       0.603629   0.543184 0.603663 0.543193
14       0.580379   0.470451 0.580384 0.470458
15       0.574937   0.352623 0.574984 0.352548
16       0.559821   0.542298 0.559859 0.542316
17       0.584673   2.14379e-07 0.584611 1.81998e-07
18       0.546466   0.229122 0.546084 0.229097
19       0.593078   0.555209 0.592171 0.55553
